Number of stocks in portfolio is: 161
AAL: 0.0206221
AAP: 0.00177109
AAPL: 0.00444257
ABC: 0.00746325
ACHC: 0.00396061
ACM: 0.00501316
ACN: 0.0161794
ADSK: 0.000385668
AEP: 0.00726905
AET: 0.00691397
AFG: 0.000144794
AFL: 0.000667584
AGN: 0.00554198
AIG: 0.00189906
AIV: 0.000165615
AIZ: 0.0150579
AJG: 0.00808739
AKAM: 0.00339638
AKRX: 0.000948201
ALGN: 0.00253571
ALL: 0.018496
AMAT: 0.00807267
AMD: 0.00370999
AMG: 0.01077
AMGN: 0.00447411
AMT: 0.00516483
AMTD: 7.43372e-005
ANF: 0.00338248
ANSS: 0.0120366
ANTM: 0.000648475
AON: 0.0206881
APA: 0.00764844
APC: 0.0125827
APD: 0.00907733
ASH: 0.00396566
ATO: 0.00440965
ATR: 0.00417795
ATVI: 0.00361986
AVP: 0.00070216
AXP: 0.012624
AXS: 0.0111213
AYI: 0.00287701
BA: 0.0073237
BAC: 0.00257542
BBBY: 0.00969417
BBT: 0.0146895
BDN: 0.0175044
BEN: 0.00836374
BIG: 0.00267485
BLL: 0.013768
BMRN: 0.00397524
BMS: 0.0162245
BMY: 0.00373897
BOH: 0.019303
BOKF: 0.00280806
BR: 0.00597968
BRKR: 0.0143284
BSX: 0.00163382
BWA: 0.00305516
C: 0.013762
CA: 0.00807583
CAG: 0.00981656
CASY: 0.00460154
CAT: 0.000394481
CAVM: 0.00290224
CBS: 0.00439277
CBT: 0.00251944
CCE: 0.0158205
CDNS: 0.00378819
CELG: 0.00119683
CERN: 0.00491219
CHH: 0.00101059
CHRW: 0.00538347
CIM: 0.00465593
CL: 0.00561436
CLF: 0.00114549
CLH: 0.000977283
CMA: 0.00713761
CMCSA: 0.00249486
CME: 0.0036404
CNK: 0.00266374
CNP: 0.0222925
CNX: 0.00118795
COG: 0.0107329
COHR: 0.00649148
COP: 0.00503579
CPB: 0.00541774
CPRT: 0.00788345
CPT: 0.00183804
CR: 0.0138035
CRI: 0.00651674
CSCO: 0.00358008
CSX: 0.00264345
CTAS: 0.0108983
CTXS: 0.00270681
CUBE: 0.00247874
CVS: 0.00449903
CXW: 0.00192549
CY: 0.00190802
DCT: 0.0103503
DE: 0.000170583
DEI: 0.00186017
DISCA: 0.00676251
DISH: 0.00419578
DO: 0.00819519
DOV: 0.00522795
DOX: 0.00230213
DRI: 0.00150566
DST: 0.00326012
DTE: 0.00578647
DUK: 0.0219445
DVA: 0.00165138
DVN: 0.00496173
EA: 0.00123589
ECL: 0.00124297
EL: 0.00169837
EMN: 0.0150897
EMR: 0.0178866
ENDP: 0.000590705
EQIX: 0.0104345
ERIE: 0.000728076
ES: 0.00638672
ESRX: 0.000313757
ESS: 0.00752082
ESV: 0.000990129
ETFC: 0.00612804
ETN: 0.0105937
ETR: 0.00190262
EW: 0.0100781
EXC: 0.0127116
EXEL: 0.00808816
EXPD: 0.0112454
F: 0.0101075
FCX: 0.00292209
FDS: 0.0050503
FFIV: 0.0013277
FIS: 0.00713147
FISV: 0.0146171
FLIR: 0.000246149
FLO: 0.00550549
FLR: 0.000473249
FMC: 0.00329306
FNB: 0.00626447
FOSL: 0.0021322
FOX: 0.0123357
FSLR: 0.000867839
FTR: 0.00154014
GHC: 0.00397451
GILD: 0.0015908
GME: 0.00497605
GNTX: 0.00432686
GOOG: 0.0299153
GPC: 0.00134151
GPK: 0.00679209
GPN: 0.00267953
GRA: 0.00561141
GS: 0.00699972
GWR: 0.0112311
GWW: 0.0015104
HAIN: 0.00210235
HAS: 0.000917752
