Number of stocks in portfolio is: 42
ABC: 0.0173187
ABMD: 0.0249664
ACGL: 0.0278461
ACHC: 0.00669156
ACN: 0.0123438
ADBE: 0.0536878
ADI: 0.0604401
ADM: 0.0231287
ADS: 0.0121624
ADSK: 0.0189723
AEP: 0.0485666
AES: 0.020672
AFG: 0.00873144
AFL: 0.0189717
AGN: 0.00247331
AGO: 0.0141392
AHL: 0.0103354
AIG: 0.0293413
AIV: 0.0372561
ALK: 0.0257271
ALNY: 0.0118175
AME: 0.000677457
AMG: 0.0414667
AMGN: 0.0358537
AMT: 0.0153825
ANF: 0.0010479
ANSS: 0.0467076
AOS: 0.0304713
APA: 0.011892
ARNC: 0.00994101
ASH: 0.0176835
AVP: 0.00593346
AVT: 0.0136468
AVY: 0.0598566
AWI: 0.0359831
AXP: 0.000403743
AYI: 0.0191262
BAX: 0.0547766
BC: 0.0221436
BIG: 0.0160757
BLK: 0.0290661
BOH: 0.0462747
Sum of weights: 1
