Number of stocks in portfolio is: 44
ADP: 0.0394196
AFL: 0.00445671
AJG: 0.0375795
BEN: 0.0256554
BOKF: 0.0140378
CCI: 0.0450489
CGNX: 0.00141756
COF: 0.0163138
CR: 0.0680119
DNR: 8.85493e-005
EXEL: 0.0251418
EXR: 0.0277843
FFIV: 0.0235023
FISV: 0.00729762
HBI: 0.00913998
HLF: 0.0132365
INT: 0.0056956
INTC: 0.00547873
IPG: 0.00439549
JBLU: 0.00249797
LB: 0.000370694
LM: 0.0619432
MSCI: 0.0123216
NKE: 0.0423351
NVR: 0.0137718
OFC: 0.0236957
OHI: 0.00659884
OLN: 0.0103496
PAG: 0.0179514
PKG: 0.0084375
PNW: 0.0239696
QGEN: 0.0361987
REGN: 0.00421397
SGEN: 0.0022594
SIRI: 0.0206973
SLGN: 0.0117147
SMG: 0.073784
TOL: 0.0204583
TSCO: 0.0447296
UNH: 0.0418742
VZ: 0.0327528
WEC: 0.0862739
WLL: 0.00854176
XL: 0.0185562
Sum of weights: 1
